27.9515	40.7641	5.0	0.355
28.3086	40.7746	3.8	0.253
29.1965	40.4645	4.2	0.287
29.1837	40.3824	4.0	0.27
28.2152	40.8256	3.7	0.245
28.4298	40.8537	4.3	0.296
28.2741	40.8489	4.9	0.347
28.2722	40.8719	4.0	0.27
28.3191	40.7814	4.3	0.296
28.4829	40.8888	5.0	0.355
28.4987	40.8412	4.5	0.312
28.2332	40.8471	4.5	0.312
28.1897	40.8342	6.2	0.457
28.3083	40.8178	3.3	0.21
26.9768	40.2968	4.2	0.287
28.8116	40.5159	3.0	0.185
29.0587	40.73	4.2	0.287
28.848	40.4371	5.1	0.364
27.5314	40.4965	4.1	0.278
27.0261	40.3524	4.2	0.287
27.3855	40.1461	4.3	0.296
28.6157	40.0699	4.4	0.304
27.404	40.769	4.4	0.304
28.9725	40.5313	4.2	0.287
29.1424	40.9881	3.5	0.228
28.0878	40.8777	4.4	0.304
27.3635	40.6937	4.3	0.296
29.2313	40.7105	4.4	0.304
28.2394	40.9289	4.9	0.347
29.2125	40.7283	4.3	0.296
28.1964	40.8151	4.3	0.296
28.1699	40.849	4.5	0.312
28.1814	40.8568	4.4	0.304
28.1502	40.9035	5.7	0.415
28.1454	40.8578	4.9	0.347
30.7838	40.7824	4.5	0.312
30.6426	40.7066	4.4	0.304
27.0809	40.375	4.1	0.278
28.7761	40.1781	3.4	0.219
28.357	40.4257	3.7	0.245
28.9761	40.6063	4.3	0.296
28.955	40.595	4.2	0.287
26.8817	40.0364	4.3	0.296
27.8564	40.5104	4.3	0.296
27.1829	40.1102	4.1	0.278
30.9058	40.8652	4.3	0.296
29.18	40.7118	4.2	0.287
29.2147	40.7032	4.1	0.278
29.146	40.2627	4.4	0.304
30.527	40.053	4.1	0.278
28.7644	40.8751	4.4	0.304
27.765	40.82	4.4	0.304
26.302	40.2527	4.2	0.287
26.266	40.2844	4.8	0.338
26.297	40.248	4.4	0.304
28.587	40.065	4.2	0.287
27.074	40.148	4.4	0.304
30.1188	40.4047	4.3	0.296
29.2073	40.6243	4.0	0.27
26.2392	40.2592	4.0	0.27
26.2658	40.4308	4.4	0.304
27.9282	40.2083	4.6	0.321
28.6327	41.3725	3.8	0.253
27.9123	40.8478	4.0	0.27
27.9198	40.851	4.5	0.312
29.1227	40.4567	3.3	0.21
27.4427	40.3423	4.4	0.304
29.1213	40.4095	4.1	0.278
27.921	40.848	4.9	0.347
26.995	40.314	4.4	0.304
28.895	40.439	4.0	0.27
27.752	40.802	5.1	0.364
29.954	40.247	4.5	0.312
27.858	40.039	4.4	0.304
29.763	40.71	4.1	0.278
27.367	40.597	4.5	0.312
26.333	40.423	5.3	0.381
28.11	40.847	4.4	0.304
28.925	40.43	4.3	0.296
30.121	41.183	4.3	0.296
27.367	40.322	4.3	0.296
27.785	40.798	4.6	0.321
29.174	40.748	3.6	0.236
29.017	40.65	4.1	0.278
28.027	40.25	3.3	0.21
27.448	40.369	4.1	0.278
27.369	40.728	3.7	0.245
28.721	40.466	3.6	0.236
29.021	40.459	3.9	0.262
28.005	40.372	3.7	0.245
26.902	40.189	3.1	0.194
26.915	40.157	3.5	0.228
26.913	40.174	3.8	0.253
26.99	40.17	3.4	0.219
26.915	40.148	3.7	0.245
26.928	40.213	4.1	0.278
27.8	40.5	4.0	0.27
27.094	40.393	3.6	0.236
27.376	40.633	3.9	0.262
27.15	40.49	3.4	0.219
27.424	40.375	3.5	0.228
26.81	40.54	3.7	0.245
26.968	40.137	3.1	0.194
27.986	40.242	3.6	0.236
30.517	40.681	3.8	0.253
29.011	40.621	4.3	0.296
27.27	40.74	3.9	0.262
27.748	40.798	3.8	0.253
28.957	40.13	3.5	0.228
27.742	40.801	3.3	0.21
27.114	40.475	3.6	0.236
28.163	40.862	3.0	0.185
27.413	40.375	3.7	0.245
27.429	40.604	3.4	0.219
28.694	40.851	2.7	0.16
28.022	40.284	3.5	0.228
27.417	40.725	3.7	0.245
27.01	40.569	4.0	0.27
27.498	40.373	3.3	0.21
30.754	40.935	2.8	0.168
30.082	40.754	3.9	0.262
27.258	40.624	3.5	0.228
27.045	40.364	3.0	0.185
27.83	40.42	3.5	0.228
27.449	40.399	3.5	0.228
27.368	40.729	3.3	0.21
26.95	40.62	3.4	0.219
26.61	40.57	3.4	0.219
29.007	40.654	2.8	0.168
27.512	40.817	3.3	0.21
27.726	40.071	2.7	0.16
26.287	40.425	3.7	0.245
27.629	40.415	3.4	0.219
28.358	40.576	2.8	0.168
28.709	40.84	2.8	0.168
30.841	40.918	3.5	0.228
27.41	40.771	3.7	0.245
28.39	40.586	4.0	0.27
27.931	40.446	3.5	0.228
29.66	40.219	2.7	0.16
27.483	40.714	3.9	0.262
29.156	40.702	2.7	0.16
28.99	40.42	3.1	0.194
29.167	40.489	2.6	0.151
27.677	40.474	2.5	0.143
28.052	40.321	2.6	0.151
30.31	40.447	2.8	0.168
28.983	40.431	2.5	0.143
28.802	40.438	2.6	0.151
29.034	40.037	2.5	0.143
28.321	40.391	4.6	0.321
26.82	40.54	3.6	0.236
27.992	40.294	3.6	0.236
27.035	40.109	2.6	0.151
28.531	40.342	2.8	0.168
27.754	40.808	3.6	0.236
27.986	40.23	3.0	0.185
28.04	40.283	2.9	0.176
29.233	40.642	3.3	0.21
28.996	40.423	3.7	0.245
29.064	40.468	2.9	0.176
29.004	40.408	3.9	0.262
27.35	40.69	3.6	0.236
29.107	40.424	5.0	0.355
27.503	40.789	2.9	0.176
28.003	40.265	3.0	0.185
28.001	40.288	3.7	0.245
28.059	40.236	4.8	0.338
26.92	40.28	3.7	0.245
28.013	40.776	3.7	0.245
27.702	40.792	2.9	0.176
27.686	40.79	2.7	0.16
27.485	40.79	2.8	0.168
27.691	40.814	2.6	0.151
27.697	40.8	3.3	0.21
27.682	40.818	2.7	0.16
27.303	40.288	3.8	0.253
29.138	40.34	2.9	0.176
29.256	40.612	2.8	0.168
29.284	40.613	2.8	0.168
27.696	40.207	2.9	0.176
28.12	40.566	3.9	0.262
30.321	40.686	3.3	0.21
30.326	40.699	3.1	0.194
27.66	40.16	3.6	0.236
30.618	40.752	3.2	0.202
30.349	40.69	3.8	0.253
30.352	40.704	4.6	0.321
27.111	40.371	3.4	0.219
29.158	40.477	2.5	0.143
29.632	40.245	2.8	0.168
27.608	40.392	2.8	0.168
27.652	40.796	2.6	0.151
30.695	40.664	2.7	0.16
29.012	40.242	2.9	0.176
27.316	40.289	3.6	0.236
30.595	40.725	2.8	0.168
29.081	40.663	3.7	0.245
26.39	40.47	3.0	0.185
27.298	40.7	4.1	0.278
28.06	40.4	3.5	0.228
27.73	40.31	3.6	0.236
27.89	40.32	3.3	0.21
27.861	40.092	3.0	0.185
30.292	40.71	3.2	0.202
30.115	40.675	2.9	0.176
29.01	40.051	2.7	0.16
27.652	40.067	2.8	0.168
26.26	40.42	3.4	0.219
27.442	40.708	3.8	0.253
27.693	41.088	2.7	0.16
30.177	40.637	3.0	0.185
27.49	40.23	3.1	0.194
27.299	40.749	2.9	0.176
27.707	40.624	3.1	0.194
27.432	40.784	2.8	0.168
29.095	40.658	2.7	0.16
27.717	40.608	3.6	0.236
30.877	40.77	3.0	0.185
27.484	40.663	3.8	0.253
27.572	40.744	3.9	0.262
29.026	40.237	2.8	0.168
29.007	40.6	2.8	0.168
27.563	40.775	2.7	0.16
30.227	40.969	2.9	0.176
29.041	40.777	3.2	0.202
29.02	40.781	4.0	0.27
26.43	41.157	2.9	0.176
26.35	40.71	3.6	0.236
26.927	40.638	3.9	0.262
26.33	40.348	2.9	0.176
26.978	40.504	3.6	0.236
27.484	40.768	2.6	0.151
27.418	40.932	2.5	0.143
30.603	40.511	4.0	0.27
27.8	40.802	2.7	0.16
29.324	41.066	2.6	0.151
28.689	40.11	2.8	0.168
30.006	40.725	2.6	0.151
27.788	40.815	2.7	0.16
27.621	40.417	2.8	0.168
27.356	40.295	2.7	0.16
27.859	40.282	3.1	0.194
27.457	40.793	2.7	0.16
27.588	40.413	2.1	0.109
29.135	40.438	3.7	0.245
27.385	40.768	2.8	0.168
30.41	40.924	2.8	0.168
29.23	40.591	2.5	0.143
28.885	41.124	2.4	0.134
28.702	40.477	2.4	0.134
28.625	40.378	2.7	0.16
29.336	41.069	2.8	0.168
29.434	40.329	2.9	0.176
29.319	41.029	2.8	0.168
29.497	40.812	2.5	0.143
30.293	40.575	2.8	0.168
29.465	40.81	2.6	0.151
29.33	41.071	2.7	0.16
27.747	41.154	2.8	0.168
28.78	40.242	2.6	0.151
27.503	40.65	2.6	0.151
28.793	40.2	2.6	0.151
28.891	41.188	2.7	0.16
29.453	40.804	2.3	0.126
27.61	40.652	2.4	0.134
28.893	41.127	2.4	0.134
27.547	40.782	2.6	0.151
29.322	40.696	4.4	0.304
27.703	40.608	4.1	0.278
26.47	40.51	3.6	0.236
27.499	40.289	3.0	0.185
29.082	40.612	2.6	0.151
29.052	40.636	2.6	0.151
29.266	40.687	2.4	0.134
30.916	40.823	3.0	0.185
27.691	40.03	3.0	0.185
28.462	41.205	2.6	0.151
29.488	40.812	2.5	0.143
29.496	40.795	2.3	0.126
28.84	41.026	2.5	0.143
29.22	40.719	2.8	0.168
29.135	40.609	2.6	0.151
29.539	40.838	2.6	0.151
29.094	40.634	2.8	0.168
27.469	40.609	2.7	0.16
29.052	40.694	2.6	0.151
29.074	40.629	2.7	0.16
29.114	40.687	2.7	0.16
27.443	40.655	2.8	0.168
27.385	40.76	2.7	0.16
27.816	40.245	2.5	0.143
27.736	40.507	2.5	0.143
29.191	40.742	2.6	0.151
27.28	40.6	3.7	0.245
28.438	40.452	3.0	0.185
29.609	41.018	2.4	0.134
28.791	40.162	2.7	0.16
27.818	40.639	2.7	0.16
27.747	40.258	2.8	0.168
28.885	41.166	2.7	0.16
29.335	41.102	2.6	0.151
29.015	41.171	2.7	0.16
27.754	40.814	2.9	0.176
27.492	40.594	2.7	0.16
30.644	40.681	3.1	0.194
28.082	41.386	2.7	0.16
29.36	41.089	2.7	0.16
29.356	41.083	2.7	0.16
28.872	41.17	2.6	0.151
29.255	40.712	2.6	0.151
30.894	40.487	4.3	0.296
27.43	40.744	3.9	0.262
27.19	40.63	3.3	0.21
26.9	40.55	3.5	0.228
26.27	40.48	2.6	0.151
26.81	40.6	3.4	0.219
26.26	40.44	3.2	0.202
28.801	40.221	2.6	0.151
27.941	40.247	4.1	0.278
28.02	40.242	4.5	0.312
27.137	40.526	3.8	0.253
30.726	40.771	4.1	0.278
28.818	40.036	4.1	0.278
30.545	40.51	3.5	0.228
30.697	40.584	3.8	0.253
30.885	40.418	4.0	0.27
30.299	40.441	3.8	0.253
27.692	40.617	2.6	0.151
28.04	41.03	3.6	0.236
27.07	40.49	3.5	0.228
29.499	40.864	2.5	0.143
29.201	40.283	2.6	0.151
29.447	40.853	2.4	0.134
29.305	40.535	2.4	0.134
27.837	40.748	3.6	0.236
27.337	40.682	3.4	0.219
27.394	40.699	3.9	0.262
28.327	40.553	3.8	0.253
27.131	40.384	3.3	0.21
27.85	40.859	4.1	0.278
28.123	40.819	3.9	0.262
29.324	40.684	2.5	0.143
27.585	40.75	2.9	0.176
27.559	40.733	2.9	0.176
28.769	40.321	2.4	0.134
27.781	40.835	2.7	0.16
27.567	40.732	2.7	0.16
27.591	40.324	2.4	0.134
27.438	40.463	2.4	0.134
27.776	41.054	2.6	0.151
29.46	40.816	2.6	0.151
28.63	40.047	2.8	0.168
30.809	40.795	3.6	0.236
27.052	40.676	3.4	0.219
29.24	40.102	2.9	0.176
28.766	40.826	2.6	0.151
28.725	40.866	2.8	0.168
28.735	40.855	3.0	0.185
28.716	40.863	3.0	0.185
28.489	40.366	2.5	0.143
26.651	40.047	2.6	0.151
27.538	40.488	2.7	0.16
27.396	40.108	2.5	0.143
30.387	40.89	2.5	0.143
28.726	40.862	2.6	0.151
29.185	40.765	2.3	0.126
27.212	40.117	2.3	0.126
26.957	40.423	2.7	0.16
27.15	40.473	3.1	0.194
30.627	40.809	2.5	0.143
28.701	40.891	2.6	0.151
28.74	40.85	3.1	0.194
28.718	40.858	3.0	0.185
29.152	40.648	3.1	0.194
27.005	40.11	2.7	0.16
27.925	40.284	2.6	0.151
27.704	40.883	2.6	0.151
27.361	40.602	2.3	0.126
27.313	40.684	2.7	0.16
30.64	40.797	2.5	0.143
29.201	40.409	2.7	0.16
27.602	40.746	3.0	0.185
30.75	40.793	2.5	0.143
30.379	40.799	2.5	0.143
28.781	40.318	2.7	0.16
28.148	40.3	2.5	0.143
29.458	40.823	2.6	0.151
27.728	40.168	2.6	0.151
30.357	40.865	2.7	0.16
28.934	40.465	2.8	0.168
27.685	40.802	3.9	0.262
30.403	40.813	3.1	0.194
28.968	40.679	2.5	0.143
29.211	40.771	2.6	0.151
29.552	40.195	2.4	0.134
30.408	40.947	2.8	0.168
29.039	40.648	2.6	0.151
30.266	40.731	3.3	0.21
27.228	40.136	2.7	0.16
27.767	40.629	2.6	0.151
27.682	40.565	2.5	0.143
27.775	40.281	3.0	0.185
28.948	40.576	2.7	0.16
29.163	40.681	2.7	0.16
27.305	40.479	2.8	0.168
27.206	40.4	2.8	0.168
27.3	40.46	2.6	0.151
27.218	40.432	3.2	0.202
28.968	40.578	2.7	0.16
28.975	40.566	2.8	0.168
29.211	40.79	2.6	0.151
30.191	40.768	2.7	0.16
27.75	40.1	4.0	0.27
29.097	40.916	3.8	0.253
27.561	40.722	3.0	0.185
27.737	40.726	2.9	0.176
27.664	40.764	2.7	0.16
26.977	40.085	2.7	0.16
27.028	40.077	2.9	0.176
29.058	40.742	2.7	0.16
30.855	40.916	2.8	0.168
27.734	40.598	2.8	0.168
29.363	40.757	2.8	0.168
29.252	40.523	2.5	0.143
30.561	40.7	3.3	0.21
27.453	40.286	3.7	0.245
28.028	40.793	3.2	0.202
30.873	40.855	3.4	0.219
27.549	40.695	3.4	0.219
29.126	40.63	3.2	0.202
30.417	40.727	3.9	0.262
29.428	40.706	3.0	0.185
30.805	40.758	3.9	0.262
29.127	40.658	3.2	0.202
27.626	40.707	3.2	0.202
29.236	40.8	2.6	0.151
30.908	40.789	2.7	0.16
27.324	40.694	2.8	0.168
29.089	40.748	2.7	0.16
29.3	40.883	2.7	0.16
29.012	40.55	2.9	0.176
29.285	40.876	2.9	0.176
30.875	40.882	2.6	0.151
28.761	40.036	2.7	0.16
29.224	40.739	3.6	0.236
30.57	40.68	3.1	0.194
30.486	40.707	3.5	0.228
29.247	40.786	2.9	0.176
29.155	40.761	2.5	0.143
29.363	40.951	2.7	0.16
29.165	40.485	2.7	0.16
30.833	40.798	3.2	0.202
29.956	40.75	2.6	0.151
29.193	40.648	3.6	0.236
30.72	40.68	5.3	0.381
29.218	40.837	4.2	0.287
30.311	40.822	3.0	0.185
27.942	40.592	4.0	0.27
28.75	40.024	2.8	0.168
29.214	40.692	2.6	0.151
29.184	40.687	2.9	0.176
28.861	40.433	2.6	0.151
29.937	40.554	2.6	0.151
27.772	40.908	2.7	0.16
30.232	40.746	3.2	0.202
30.909	40.799	2.6	0.151
29.277	40.327	2.6	0.151
28.463	40.46	2.7	0.16
29.654	40.727	3.2	0.202
29.204	40.242	2.6	0.151
28.986	40.593	2.6	0.151
30.226	40.81	3.4	0.219
30.244	40.803	4.6	0.321
28.22	40.085	2.6	0.151
29.348	40.181	2.6	0.151
28.999	40.6	2.7	0.16
30.032	40.73	2.5	0.143
29.316	40.194	2.6	0.151
29.289	40.919	3.0	0.185
30.034	40.822	3.1	0.194
30.832	40.785	3.8	0.253
30.203	40.452	3.0	0.185
29.924	40.717	3.7	0.245
28.845	40.371	2.6	0.151
29.345	40.713	4.1	0.278
26.26	40.37	3.1	0.194
30.606	40.746	3.4	0.219
27.799	40.393	3.7	0.245
29.137	40.457	3.0	0.185
30.728	40.774	3.9	0.262
28.549	40.807	3.2	0.202
30.541	40.713	2.9	0.176
30.496	40.694	3.6	0.236
29.096	40.626	2.5	0.143
30.873	40.785	4.3	0.296
30.756	40.734	4.3	0.296
30.092	40.73	3.2	0.202
30.807	40.711	3.0	0.185
27.597	40.7	3.9	0.262
30.672	40.771	2.9	0.176
30.694	40.799	3.3	0.21
27.435	40.77	2.8	0.168
30.804	40.783	4.2	0.287
30.734	40.797	4.1	0.278
30.851	40.771	4.0	0.27
29.189	40.655	2.8	0.168
29.185	40.63	3.4	0.219
29.184	40.663	2.7	0.16
28.945	40.363	3.2	0.202
29.174	40.638	3.3	0.21
29.153	40.708	3.3	0.21
30.871	40.684	4.1	0.278
28.688	40.852	2.9	0.176
29.146	40.639	2.6	0.151
30.448	40.784	4.1	0.278
30.229	40.824	3.3	0.21
30.266	40.744	5.7	0.415
30.751	40.738	4.2	0.287
30.725	40.693	5.0	0.355
30.227	40.745	3.8	0.253
29.131	40.709	3.2	0.202
29.012	40.478	2.7	0.16
29.253	40.521	2.7	0.16
29.096	40.637	2.7	0.16
27.535	40.762	2.8	0.168
30.719	40.677	2.6	0.151
29.399	40.121	3.0	0.185
29.332	40.487	2.9	0.176
29.245	40.535	3.0	0.185
27.563	40.746	3.0	0.185
29.445	40.963	2.7	0.16
29.2	40.707	3.1	0.194
29.104	40.64	2.9	0.176
29.203	40.429	2.5	0.143
29.087	40.77	4.6	0.321
27.124	40.501	3.5	0.228
29.176	40.7	2.9	0.176
30.681	40.726	2.8	0.168
30.191	40.81	3.3	0.21
30.404	40.735	3.6	0.236
29.048	40.667	3.9	0.262
29.101	40.641	2.5	0.143
27.577	40.823	2.8	0.168
28.963	40.579	2.7	0.16
29.063	40.676	2.7	0.16
29.04	40.609	2.9	0.176
29.988	40.688	3.1	0.194
29.898	40.774	3.1	0.194
29.987	40.734	2.7	0.16
29.798	40.784	2.7	0.16
30.682	40.77	2.8	0.168
30.566	40.707	2.8	0.168
29.346	40.739	5.2	0.372
29.972	40.753	2.9	0.176
29.733	40.749	3.3	0.21
29.16	40.403	2.7	0.16
30.055	40.033	3.9	0.262
30.55	40.626	3.2	0.202
29.195	40.771	3.4	0.219
30.297	40.804	3.8	0.253
29.808	40.787	2.6	0.151
29.811	40.741	3.3	0.21
27.623	40.772	3.3	0.21
27.671	40.651	2.8	0.168
27.59	40.715	3.2	0.202
27.591	40.707	3.7	0.245
27.589	40.644	4.8	0.338
29.105	40.639	2.7	0.16
30.503	40.676	3.4	0.219
30.502	40.649	3.2	0.202
30.527	40.636	4.3	0.296
29.175	40.68	3.1	0.194
30.35	40.895	2.8	0.168
29.199	40.779	2.7	0.16
30.023	40.72	3.0	0.185
29.11	40.622	2.7	0.16
29.964	40.707	2.8	0.168
29.917	40.778	2.8	0.168
29.05	40.603	2.9	0.176
29.14	40.659	2.6	0.151
30.303	40.781	2.9	0.176
29.137	40.621	2.7	0.16
29.297	40.607	4.5	0.312
30.154	40.711	4.3	0.296
30.627	40.768	2.8	0.168
30.213	40.484	3.5	0.228
29.928	40.758	2.5	0.143
29.964	40.705	2.8	0.168
30.779	40.658	3.2	0.202
30.285	40.631	2.9	0.176
29.046	40.669	3.0	0.185
29.109	40.625	2.7	0.16
30.174	40.723	2.7	0.16
30.045	40.709	5.9	0.432
29.194	40.727	2.6	0.151
29.964	40.705	2.8	0.168
30.325	40.438	3.8	0.253
30.72	40.809	3.2	0.202
30.074	40.748	3.1	0.194
29.144	40.718	5.0	0.355
29.694	40.742	2.9	0.176
30.498	40.73	2.7	0.16
29.778	40.787	3.1	0.194
29.985	40.542	4.0	0.27
30.546	40.695	3.9	0.262
30.032	40.741	4.0	0.27
30.532	40.563	4.0	0.27
30.688	40.808	3.4	0.219
29.164	40.566	3.9	0.262
29.13	40.555	4.2	0.287
29.334	40.729	3.0	0.185
29.954	40.708	4.5	0.312
29.949	40.711	5.2	0.372
29.266	40.75	3.5	0.228
29.148	40.532	3.0	0.185
29.114	40.64	3.2	0.202
29.871	40.818	3.5	0.228
30.016	40.744	4.8	0.338
30.16	40.659	4.2	0.287
29.162	40.615	4.1	0.278
30.823	40.73	3.8	0.253
30.773	40.638	4.5	0.312
29.179	40.564	3.9	0.262
29.293	40.658	3.8	0.253
29.522	41.125	3.3	0.21
29.159	40.599	3.9	0.262
30.819	40.753	4.2	0.287
30.677	40.573	4.3	0.296
29.708	40.694	4.0	0.27
29.274	40.58	4.5	0.312
29.994	40.72	4.1	0.278
29.152	40.652	3.8	0.253
29.138	40.618	5.2	0.372
29.019	40.493	3.9	0.262
29.2	40.608	4.5	0.312
30.769	40.619	4.7	0.33
30.675	40.862	4.0	0.27
30.705	40.673	3.9	0.262
30.765	40.631	3.8	0.253
30.915	40.649	4.1	0.278
30.588	40.759	4.2	0.287
30.079	40.763	4.1	0.278
30.647	40.678	3.9	0.262
29.287	40.721	3.8	0.253
29.086	40.597	4.0	0.27
30.425	40.687	3.8	0.253
29.012	40.151	3.8	0.253
30.345	40.98	3.7	0.245
29.965	40.642	3.9	0.262
30.668	40.631	4.4	0.304
30.197	40.568	4.0	0.27
30.706	40.675	3.7	0.245
29.942	40.711	4.5	0.312
30.261	40.902	4.1	0.278
30.602	40.877	3.9	0.262
30.741	40.655	4.1	0.278
30.84	40.676	4.3	0.296
30.753	40.741	4.2	0.287
30.651	40.674	4.6	0.321
30.617	40.644	4.0	0.27
29.964	40.736	4.0	0.27
30.597	40.682	3.6	0.236
28.482	40.957	3.9	0.262
30.203	40.739	4.1	0.278
30.347	40.845	4.6	0.321
30.833	40.882	4.2	0.287
30.408	40.739	4.1	0.278
30.466	40.585	4.5	0.312
29.194	40.694	4.2	0.287
30.85	40.649	3.9	0.262
30.389	40.727	4.1	0.278
30.3	40.755	4.2	0.287
30.688	40.616	5.1	0.364
30.113	40.715	4.9	0.347
30.648	40.561	4.8	0.338
30.708	40.643	4.5	0.312
29.11	40.709	4.2	0.287
30.241	40.945	3.9	0.262
30.865	41.167	3.9	0.262
29.294	40.257	3.4	0.219
28.985	40.96	4.0	0.27
30.717	40.594	4.0	0.27
29.117	40.648	4.6	0.321
29.061	40.7	4.2	0.287
30.018	40.7	4.6	0.321
29.801	40.711	4.1	0.278
30.547	40.696	4.0	0.27
30.646	40.654	4.4	0.304
29.947	40.722	4.1	0.278
30.435	40.653	4.6	0.321
29.97	40.741	5.0	0.355
30.751	40.648	4.9	0.347
29.864	40.748	7.6	0.576
29.163	40.689	2.7	0.16
28.934	41.175	2.5	0.143
29.253	40.515	2.6	0.151
29.111	40.149	2.6	0.151
29.135	40.429	2.6	0.151
29.839	40.739	2.7	0.16
29.23	40.604	2.9	0.176
29.745	40.701	2.8	0.168
29.994	40.678	3.1	0.194
28.082	40.729	2.6	0.151
28.824	40.135	2.4	0.134
27.493	40.66	2.6	0.151
27.269	40.672	2.6	0.151
29.782	40.709	2.7	0.16
29.867	40.735	2.6	0.151
29.842	40.749	3.4	0.219
28.975	40.254	2.6	0.151
28.178	40.166	2.3	0.126
29.991	40.701	2.9	0.176
29.795	40.736	2.6	0.151
29.842	40.688	3.3	0.21
28.761	40.867	2.9	0.176
29.235	40.417	2.8	0.168
27.574	40.626	3.1	0.194
27.659	40.57	2.8	0.168
27.553	40.596	3.2	0.202
27.502	40.625	3.2	0.202
29.311	40.907	2.7	0.16
30.017	40.229	2.8	0.168
29.862	40.721	3.0	0.185
29.579	40.649	2.6	0.151
27.211	40.265	3.0	0.185
26.792	40.481	2.6	0.151
29.17	40.561	2.7	0.16
27.364	40.746	2.5	0.143
28.197	40.467	2.5	0.143
29.195	40.308	2.6	0.151
27.489	40.556	2.7	0.16
27.635	40.61	2.5	0.143
27.363	40.273	3.0	0.185
29.188	40.695	2.9	0.176
29.265	40.753	2.5	0.143
27.76	40.059	2.9	0.176
29.278	40.708	2.7	0.16
28.199	40.45	2.8	0.168
28.878	41.138	2.5	0.143
29.561	40.239	2.4	0.134
29.281	40.533	2.8	0.168
28.845	41.106	2.6	0.151
28.11	40.241	2.8	0.168
28.181	41.422	2.6	0.151
30.108	40.68	2.4	0.134
29.375	40.817	2.6	0.151
30.011	40.702	2.5	0.143
29.324	40.994	2.7	0.16
27.789	40.253	2.8	0.168
29.923	40.757	3.0	0.185
30.18	40.815	3.0	0.185
27.739	40.56	2.8	0.168
27.661	40.554	2.7	0.16
28.833	41.175	2.7	0.16
28.835	40.394	2.6	0.151
30.015	40.709	2.5	0.143
29.952	40.683	3.0	0.185
29.995	40.68	2.6	0.151
30.004	40.712	2.9	0.176
27.95	40.871	3.1	0.194
29.367	41.147	2.6	0.151
28.752	40.851	2.7	0.16
29.339	40.332	2.6	0.151
28.814	40.911	2.9	0.176
29.309	40.281	2.6	0.151
28.762	40.826	2.5	0.143
28.795	40.88	2.7	0.16
28.769	40.845	3.2	0.202
28.8	40.842	2.8	0.168
28.083	40.771	2.5	0.143
27.979	40.784	2.7	0.16
29.321	40.274	2.6	0.151
27.767	40.814	2.7	0.16
28.931	40.365	2.6	0.151
29.31	40.284	3.0	0.185
29.33	40.331	2.6	0.151
29.339	40.354	3.1	0.194
29.316	40.3	3.2	0.202
30.022	40.647	2.8	0.168
28.959	40.132	2.8	0.168
29.313	40.912	2.6	0.151
28.023	40.087	2.9	0.176
30.6	40.651	3.1	0.194
28.095	40.125	2.7	0.16
29.277	40.439	2.6	0.151
29.798	40.751	3.0	0.185
29.433	40.144	2.7	0.16
27.854	40.25	2.7	0.16
30.07	40.706	2.7	0.16
27.547	40.68	2.8	0.168
29.065	40.47	3.3	0.21
28.828	41.274	2.6	0.151
29.423	40.196	2.8	0.168
28.991	40.31	2.7	0.16
29.102	40.654	2.8	0.168
30.789	40.59	2.7	0.16
29.207	40.421	2.7	0.16
27.907	40.44	2.8	0.168
29.242	40.296	2.8	0.168
27.637	40.501	3.1	0.194
29.292	40.28	2.6	0.151
30.055	40.687	2.8	0.168
29.27	40.91	2.6	0.151
29.964	40.659	2.7	0.16
28.889	40.134	2.8	0.168
29.225	40.478	2.6	0.151
28.059	41.098	2.7	0.16
29.219	40.417	2.8	0.168
27.341	40.192	3.6	0.236
27.843	40.504	2.6	0.151
27.569	40.797	2.9	0.176
29.079	40.652	2.5	0.143
28.849	40.387	2.6	0.151
28.126	40.833	3.1	0.194
28.869	40.452	2.6	0.151
28.846	40.473	2.6	0.151
29.084	40.561	2.5	0.143
26.225	40.348	3.0	0.185
27.829	40.858	2.8	0.168
29.958	40.688	2.4	0.134
28.878	40.236	3.0	0.185
30.347	40.708	2.7	0.16
29.48	40.854	2.4	0.134
27.469	40.785	3.0	0.185
30.405	40.888	2.6	0.151
30.188	40.068	3.1	0.194
29.494	40.982	2.5	0.143
29.427	40.022	2.8	0.168
27.922	40.96	2.6	0.151
28.5	41.109	2.7	0.16
28.952	41.091	2.6	0.151
28.974	40.592	3.0	0.185
27.894	40.612	2.9	0.176
27.43	40.837	3.1	0.194
27.79	40.445	2.5	0.143
29.919	40.7	2.5	0.143
29.941	40.705	3.0	0.185
29.896	40.667	2.5	0.143
28.769	40.136	2.6	0.151
29.4	41.029	2.6	0.151
26.25	40.291	2.5	0.143
27.499	40.769	2.7	0.16
27.498	40.776	2.7	0.16
27.494	40.788	2.7	0.16
28.999	40.73	2.6	0.151
29.142	40.255	2.6	0.151
26.327	40.299	3.2	0.202
29.419	40.159	2.7	0.16
29.218	40.451	2.7	0.16
27.894	40.335	2.8	0.168
29.852	40.725	2.8	0.168
27.515	40.794	3.6	0.236
27.554	40.789	3.0	0.185
28.134	40.122	2.9	0.176
29.896	40.698	2.6	0.151
29.288	40.914	2.6	0.151
30.538	40.766	2.6	0.151
30.446	40.558	2.9	0.176
28.361	40.813	2.6	0.151
29.189	40.733	2.7	0.16
27.982	40.886	2.8	0.168
27.981	40.797	2.6	0.151
27.254	40.095	3.6	0.236
27.639	40.846	2.9	0.176
27.651	40.838	3.4	0.219
29.156	40.354	2.6	0.151
29.819	40.742	3.0	0.185
27.778	40.074	2.6	0.151
29.403	40.202	2.9	0.176
29.881	40.697	2.5	0.143
27.702	40.527	2.7	0.16
29.042	40.252	2.9	0.176
28.216	40.52	2.7	0.16
27.306	40.655	2.8	0.168
27.886	40.851	2.9	0.176
29.847	40.744	2.8	0.168
28.079	40.524	2.6	0.151
28.221	40.532	2.6	0.151
30.795	40.867	3.1	0.194
29.944	40.712	2.7	0.16
28.974	40.168	2.8	0.168
29.943	40.702	2.8	0.168
29.976	40.718	2.8	0.168
29.778	40.671	2.7	0.16
29.965	40.712	3.4	0.219
29.955	40.707	2.8	0.168
28.23	40.547	2.6	0.151
28.985	40.451	2.6	0.151
28.24	40.517	3.3	0.21
27.902	40.258	2.8	0.168
29.906	40.719	2.8	0.168
27.529	40.377	2.6	0.151
28.904	40.233	2.6	0.151
29.588	40.983	2.5	0.143
29.826	40.735	2.6	0.151
27.662	40.552	3.0	0.185
29.189	41.185	2.9	0.176
29.878	40.726	2.7	0.16
29.17	40.435	2.5	0.143
29.856	40.742	2.5	0.143
29.99	40.697	3.1	0.194
29.907	40.718	2.5	0.143
29.827	40.716	2.4	0.134
29.987	40.741	3.0	0.185
29.96	40.676	3.4	0.219
29.947	40.665	3.5	0.228
29.923	40.719	2.6	0.151
28.825	41.106	2.6	0.151
29.252	40.589	2.7	0.16
30.482	40.567	2.5	0.143
29.229	40.468	2.6	0.151
28.137	41.395	2.8	0.168
30.866	40.701	3.0	0.185
28.326	40.215	2.5	0.143
29.11	40.742	2.7	0.16
27.671	40.593	3.2	0.202
30.361	40.836	2.9	0.176
28.908	40.784	3.3	0.21
28.939	40.439	2.8	0.168
29.901	40.736	2.7	0.16
28.149	40.159	2.7	0.16
29.181	40.446	2.4	0.134
29.127	40.308	3.5	0.228
28.877	40.238	3.1	0.194
29.799	40.404	2.8	0.168
28.897	40.216	3.1	0.194
30.026	40.69	2.7	0.16
29.082	40.273	3.9	0.262
27.78	40.396	2.6	0.151
28.964	40.675	2.6	0.151
29.266	40.433	2.5	0.143
29.336	40.056	2.8	0.168
30.419	40.882	2.5	0.143
29.367	40.396	2.7	0.16
29.03	40.616	2.6	0.151
27.532	41.205	2.8	0.168
30.028	40.765	3.2	0.202
29.224	40.43	2.5	0.143
30.318	40.829	2.8	0.168
29.207	41.209	2.7	0.16
29.214	40.25	2.7	0.16
29.049	40.77	3.2	0.202
29.518	40.825	2.7	0.16
29.215	40.47	2.6	0.151
28.978	40.603	2.7	0.16
28.856	40.236	2.6	0.151
27.913	40.358	2.8	0.168
28.962	40.597	3.2	0.202
29.153	40.496	2.5	0.143
28.486	40.857	2.7	0.16
28.462	40.844	2.6	0.151
27.518	40.773	2.7	0.16
28.102	40.478	2.8	0.168
28.887	41.06	2.8	0.168
27.043	40.104	2.8	0.168
27.794	40.601	2.9	0.176
29.316	40.986	2.5	0.143
29.432	40.254	2.8	0.168
27.432	40.79	2.9	0.176
29.348	40.493	2.6	0.151
27.403	40.691	3.6	0.236
28.278	41.185	2.8	0.168
29.149	40.629	2.9	0.176
29.108	40.654	2.8	0.168
29.163	40.642	2.7	0.16
29.119	40.623	3.2	0.202
29.13	40.641	2.9	0.176
27.934	40.675	2.8	0.168
29.306	40.518	2.5	0.143
29.122	40.032	2.6	0.151
28.021	40.806	2.6	0.151
28.055	40.856	3.0	0.185
28.101	40.776	2.8	0.168
28.766	40.308	2.6	0.151
29.096	40.635	2.7	0.16
28.437	40.445	2.9	0.176
28.094	40.816	2.9	0.176
27.427	40.69	2.7	0.16
28.014	40.619	2.7	0.16
27.588	40.539	3.3	0.21
29.32	40.597	2.5	0.143
28.241	41.315	2.8	0.168
28.424	40.45	3.1	0.194
28.447	40.193	2.5	0.143
29.217	40.251	2.5	0.143
29.491	40.832	2.7	0.16
27.609	40.621	2.8	0.168
27.993	40.536	2.7	0.16
28.866	40.443	2.5	0.143
29.201	40.236	2.5	0.143
28.366	40.411	3.1	0.194
28.948	40.262	2.5	0.143
27.457	40.494	2.6	0.151
28.133	40.82	2.8	0.168
27.419	40.241	2.8	0.168
28.711	40.85	2.8	0.168
28.956	40.409	2.7	0.16
29.497	40.892	2.8	0.168
29.7	40.703	2.8	0.168
